0.609613
0.616862
0.647095
0.659733
0.587061
0.613579
0.619747
0.650794
0.750931
0.6332
0.640255
0.765508
0.67287
0.634222
0.666637
0.689978
0.703296
0.648459
0.627509
0.621776
0.611357
0.673504
0.653744
0.7772
0.634651
0.632546
0.738282
0.657549
0.66633
0.60726
0.606675
0.652127
0.673137
0.662707
0.58341
0.618074
0.677372
0.909835
0.58632
0.643618
0.673631
1.212917
1.357885
0.650229
0.700883
0.668612
1.010204
0.589104
0.957747
0.607661
0.60221
0.6097
0.697964
0.627476
0.630959
0.718631
0.88028
0.684295
0.632128
0.667091
0.603954
0.735765
0.652319
0.632809
0.622131
0.690066
0.73737
0.64638
0.600275
0.612306
0.738868
0.592479
0.627394
0.661399
0.732385
0.741324
0.661199
0.682448
0.679124
0.658015
0.679445
0.770092
0.722718
0.572357
0.691501
0.685556
0.644057
0.574471
0.688132
0.642689
0.685886
0.713324
0.685022
0.666125
1.467438
0.703734
0.650356
0.754775
0.799839
0.658504
0.63351
0.649939
0.745856
0.650538
0.606488
0.631012
1.26565
0.663253
0.726238
0.61729
0.765554
0.689313
0.741478
0.689734
0.620561
0.662707
0.623477
0.65483
0.661599
1.107611
0.673975
0.621712
0.615679
0.812318
0.650552
0.681466
0.68816
0.654036
0.683047
0.711224
0.655108
0.708976
0.70252
0.690653
0.704734
0.748119
0.908964
0.679921
0.621197
0.663893
0.648358
0.709568
0.657924
0.657803
0.677615
0.695902
0.637566
0.621046
0.75357
0.614787
0.675863
0.6867971.476504
3.019269
0.710514
